opt6.0
 0.9996339     0.0001012
 0.9959614     0.0014554
 0.9899827     0.0034323
 0.9833403     0.0054637
 0.9760053     0.0076203
 0.9679743     0.0098879
 0.9593442     0.0122480
 0.9502596     0.0146588
 0.9408200     0.0170924
 0.9311257     0.0195241
 0.9212482     0.0219366
 0.9112342     0.0243202
 0.9011173     0.0266693
 0.8909212     0.0289805
 0.8806637     0.0312520
 0.8703595     0.0334824
 0.8600184     0.0356707
 0.8496473     0.0378169
 0.8392521     0.0399209
 0.8288387     0.0419824
 0.8184109     0.0440015
 0.8079703     0.0459784
 0.7975179     0.0479135
 0.7870558     0.0498074
 0.7765866     0.0516598
 0.7661116     0.0534711
 0.7556316     0.0552413
 0.7451467     0.0569707
 0.7346575     0.0586596
 0.7241643     0.0603083
 0.7136674     0.0619170
 0.7031670     0.0634861
 0.6926635     0.0650155
 0.6821571     0.0665061
 0.6716482     0.0679572
 0.6611373     0.0693690
 0.6506276     0.0707649
 0.6401186     0.0721395
 0.6296098     0.0734848
 0.6191007     0.0747993
 0.6085911     0.0760809
 0.5980809     0.0773286
 0.5875701     0.0785412
 0.5770590     0.0797175
 0.5665478     0.0808569
 0.5560366     0.0819582
 0.5455256     0.0830206
 0.5350153     0.0840432
 0.5245057     0.0850252
 0.5139967     0.0859656
 0.5034883     0.0868637
 0.4929808     0.0877187
 0.4824749     0.0885296
 0.4719711     0.0892956
 0.4614690     0.0900156
 0.4509669     0.0906890
 0.4404642     0.0913153
 0.4299660     0.0918941
 0.4194823     0.0924241
 0.4090236     0.0929032
 0.3985930     0.0933289
 0.3881879     0.0936992
 0.3778045     0.0940129
 0.3674404     0.0942683
 0.3570933     0.0944641
 0.3467616     0.0945990
 0.3364464     0.0946714
 0.3261509     0.0946798
 0.3158796     0.0946222
 0.3056362     0.0944963
 0.2954242     0.0943002
 0.2852478     0.0940313
 0.2751110     0.0936877
 0.2650192     0.0932667
 0.2549780     0.0927662
 0.2449928     0.0921836
 0.2350699     0.0915165
 0.2252160     0.0907625
 0.2154386     0.0899191
 0.2057475     0.0889841
 0.1961518     0.0879547
 0.1866609     0.0868288
 0.1772857     0.0856042
 0.1680369     0.0842786
 0.1589281     0.0828506
 0.1499733     0.0813190
 0.1411886     0.0796831
 0.1325919     0.0779430
 0.1242015     0.0760995
 0.1160367     0.0741524
 0.1081178     0.0721024
 0.1004649     0.0699528
 0.0930988     0.0677089
 0.0860391     0.0653785
 0.0793018     0.0629723
 0.0729008     0.0605040
 0.0668461     0.0579887
 0.0611432     0.0554432
 0.0557948     0.0528852
 0.0507989     0.0503313
 0.0461496     0.0477976
 0.0418385     0.0452999
 0.0378547     0.0428524
 0.0341847     0.0404673
 0.0308122     0.0381538
 0.0277191     0.0359186
 0.0248860     0.0337651
 0.0222931     0.0316947
 0.0199205     0.0297064
 0.0177487     0.0277978
 0.0157605     0.0259653
 0.0139401     0.0242039
 0.0122702     0.0225108
 0.0107347     0.0208834
 0.0093294     0.0193101
 0.0080535     0.0177779
 0.0068957     0.0162857
 0.0058427     0.0148343
 0.0048830     0.0134232
 0.0040081     0.0120512
 0.0032120     0.0107154
 0.0024910     0.0094128
 0.0018425     0.0081401
 0.0012679     0.0068929
 0.0007746     0.0056651
 0.0003711     0.0044530
 0.0000723     0.0032514
-0.0000947     0.0020637
-0.0001135     0.0008977
 0.0000289    -0.0002683
 0.0003466    -0.0014241
 0.0008146    -0.0025510
 0.0014088    -0.0036464
 0.0021346    -0.0046952
 0.0029902    -0.0056847
 0.0039667    -0.0066093
 0.0050544    -0.0074700
 0.0062441    -0.0082743
 0.0075296    -0.0090327
 0.0089091    -0.0097527
 0.0103836    -0.0104413
 0.0119556    -0.0111046
 0.0136304    -0.0117466
 0.0154154    -0.0123703
 0.0173204    -0.0129782
 0.0193563    -0.0135729
 0.0215364    -0.0141556
 0.0238769    -0.0147265
 0.0263971    -0.0152854
 0.0291191    -0.0158321
 0.0320692    -0.0163661
 0.0352778    -0.0168860
 0.0387806    -0.0173897
 0.0426172    -0.0178727
 0.0468316    -0.0183289
 0.0514715    -0.0187531
 0.0565846    -0.0191393
 0.0622153    -0.0194786
 0.0684011    -0.0197616
 0.0751618    -0.0199778
 0.0824975    -0.0201168
 0.0903871    -0.0201702
 0.0987862    -0.0201325
 0.1076353    -0.0200015
 0.1168674    -0.0197790
 0.1264152    -0.0194697
 0.1362178    -0.0190804
 0.1462224    -0.0186198
 0.1563842    -0.0180972
 0.1666689    -0.0175220
 0.1770506    -0.0169037
 0.1875086    -0.0162515
 0.1980267    -0.0155737
 0.2085937    -0.0148771
 0.2192022    -0.0141675
 0.2298471    -0.0134494
 0.2405255    -0.0127261
 0.2512352    -0.0119999
 0.2619736    -0.0112722
 0.2727378    -0.0105440
 0.2835259    -0.0098153
 0.2943376    -0.0090861
 0.3051729    -0.0083566
 0.3160301    -0.0076272
 0.3269070    -0.0068982
 0.3378008    -0.0061701
 0.3487100    -0.0054432
 0.3596301    -0.0047186
 0.3705498    -0.0039982
 0.3814679    -0.0032826
 0.3923867    -0.0025717
 0.4033080    -0.0018648
 0.4142307    -0.0011604
 0.4251454    -0.0004565
 0.4360532     0.0002553
 0.4469662     0.0009691
 0.4578909     0.0016677
 0.4688214     0.0023548
 0.4797518     0.0030290
 0.4906781     0.0036904
 0.5015974     0.0043386
 0.5125073     0.0049732
 0.5234072     0.0055934
 0.5342975     0.0061986
 0.5451789     0.0067879
 0.5560520     0.0073600
 0.5669164     0.0079135
 0.5777722     0.0084472
 0.5886195     0.0089595
 0.5994591     0.0094492
 0.6102910     0.0099152
 0.6211155     0.0103565
 0.6319315     0.0107719
 0.6427389     0.0111609
 0.6535378     0.0115224
 0.6643285     0.0118557
 0.6751112     0.0121603
 0.6858851     0.0124352
 0.6966492     0.0126798
 0.7074031     0.0128929
 0.7181470     0.0130736
 0.7288809     0.0132211
 0.7396044     0.0133344
 0.7503159     0.0134125
 0.7610149     0.0134542
 0.7717009     0.0134583
 0.7823738     0.0134236
 0.7930330     0.0133490
 0.8036776     0.0132335
 0.8143065     0.0130757
 0.8249181     0.0128744
 0.8355108     0.0126281
 0.8460834     0.0123351
 0.8566347     0.0119933
 0.8671614     0.0116005
 0.8776579     0.0111546
 0.8881169     0.0106534
 0.8985285     0.0100954
 0.9088749     0.0094803
 0.9191289     0.0088074
 0.9292513     0.0080758
 0.9391834     0.0072868
 0.9488496     0.0064450
 0.9581587     0.0055591
 0.9669783     0.0046399
 0.9752265     0.0036916
 0.9828003     0.0027320
 0.9896251     0.0017290
 0.9958019     0.0007069
 0.9996339     0.0000553
